FILE=D:\YandexDisk\AVTO\FORD\Mondeo\Mondeo 2.0 2011 509\250723_1237_Двигатель_[7E8].sm2 SIZE=73744
--- TOC ---
TOC@0019 unk=60A97000 type=1 size=71824 date=2025-07-23 07:33:11Z
--- PARAM NAMES ---
NAME 0x0555-0x0595: Мом.коррекция топлива банк 1
NAME 0x05BF-0x05FF: Нак.коррекция топлива банк 1
NAME 0x0629-0x0673: Разрежение во впускном коллекторе
NAME 0x06A1-0x06CB: Обороты двигателя
NAME 0x06FF-0x0745: Угол опережения зажигания цил.1
NAME 0x076F-0x07B1: Абсолютное положение дросселя
NAME 0x085C-0x08AA: Мом. коррекция топлива по ДК (Б1Д1)
NAME 0x08D4-0x0922: Напряжение датчика кислорода (Б1Д2)
NAME 0x094C-0x099A: Мом. коррекция топлива по ДК (Б1Д2)
NAME 0x09C4-0x0A06: Температура воздуха на впуске
NAME 0x0A32-0x0A5E: Расчетная нагрузка
NAME 0x0A88-0x0A9A: Размк

META after [Абсолютное положение дросселя]
01 00 00 00 25 00 00 03 00 00 00 00 00 00 00 00 67 66 66 66 66 66 F4 3F 00 00 00 00 00 00 00 00 00 00 00 00 00 00 00 00 00 00 01 00 00 00 23 00 00 00 1D 04 30 04 3F 04 40 04 4F 04 36 04 35 04 3D 04 38 04 35 04 20 00 34 04 30 04 42 04 47 04 38 04 3A 04 30 04 20 00 3A 04 38 04 41 04 3B 01 01 00 00 00 03 00 00 00 04 3E 04 40 04 3E 04 34 04 30 04 20 00 28 00 11 04 31 00 14 04 31 00 29

META after [Расчетная нагрузка]
01 00 00 00 25 00 01 00 00 00 00 00 00 00 00 00 00 00 00 00 00 00 10 40 00 00 00 00 00 00 00 00 00 00 00 00 00 00 00 00 05 00 01 00 00 00 05 00 00 00 20 04 30 04 37 04 3C 04 3A 04 05 00 00 00 17 04 30 04 3C 04 3A 04 3D 04 05 00 00 00 20 04 2D 00 23 04 41 04 3B 04 05 00 00 00 20 04 2D 00 1E 04 48 04 31 04 05 00 00 00 17 04 2D 00 1E 04 48 04 31 04 1E 00 00 00 21 04 3E 04 41 04 42 04

--- bytes 0x510 ---
00 00 00 00 00 00 00 00 00 18 B6 01 00 0D 00 00 00 00 00 00 00 00 00 00 00 00 00 00 00 00 00 00 00 00 01 00 00 00 00 00 00 59 C0 00 00 00 00 00 CE 58 40 00 00 00 00 00 00 00 00 00 00 00 00 00
u32@518=28710912 u32@51C=3328

After last name [Размк] @0xA9A
05 00 00 00 17 04 30 04 3C 04 3A 04 3D 04 05 00 00 00 20 04 2D 00 23 04 41 04 3B 04 05 00 00 00 20 04 2D 00 1E 04 48 04 31 04 05